1345
117.03
133.2
671.3
814.31
824.24
544.1
288.74
264.57
266.67
311.3
164.68
142.87
141.21
224.48
261.8
142.95
142.91
141.29
139.8
239.33
366.61
193.23
129.97
130.11
133.5
131.39
310.11
174.67
131.26
131.31
244.98
204.98
130.98
130.98
131.42
269.06
193.36
132.96
131.32
242.78
194.98
131.88
131.09
131.11
288.89
162.15
130.57
131.03
262.16
170.3
161.98
157.4
350.07
1072.9
466.54
466.34
315.73
144.48
301.75
130.31
127.18
127.07
521.44
153.15
128.09
127.78
127.94
280.54
157.24
57.07
57.208
57.576
240.17
59.02
57.236
57.27
194.41
133.72
130.43
129.35
131.33
305.14
134.44
128.43
149.24
270.55
127.75
127.98
127.01
298.55
127.44
127.62
127.71
170.07
577.47
202.1
179.2
200.26
363.87
211.3
198.82
198.41
197.99
197.58
197.17
202.7
267.72
355.04
546.46
128.9
129.08
186.41
255.53
128.33
128.88
128.92
303.4
128.93
129.43
129.94
227.72
211.38
131.58
131.35
153.2
282.83
130.5
130.63
130.72
201.44
488.8
263.54
255.6
321.21
260.21
131.5
130.94
131.05
169.44
309.53
130.75
130.33
206.67
220.94
130.97
569.07
418.31
251.94
187.19
502.34
227.71
346.21
191.74
142.12
174.25
1065.9
194.45
57.338
57.286
70.223
227.43
56.9
57.263
57.361
205.13
74.43
57.393
57.542
81.173
205.14
56.948
56.843
57.096
160.92
121.86
57.063
57.234
57.354
201.61
84.896
56.884
57.337
113
165.7
57.084
57.228
57.083
149.46
454.74
695.11
269.41
250.08
168.41
128.59
129.45
188.42
364.55
500.65
199.63
198.59
278.63
300.98
157.41
127.88
128.23
310.02
128.71
128.92
128.43
203.34
238.53
129.03
129.37
129.35
267.91
175.64
130.27
130.19
129.58
275.21
175.87
130.1
130.19
190.98
245.4
130.5
130.54
130.64
227.98
306.71
292.11
277.65
263.2
248.74
234.28
219.83
205.37
190.91
176.46
162
147.54
175.55
690.38
267.21
201.58
477.95
647.62
282.21
146.75
344.27
56.92
209.12
86.743
57.123
57.006
147.7
139.66
56.721
56.71
57.266
186.72
106.07
56.882
57.125
69.509
222.25
57.242
57.766
58.015
144.58
198.31
76.41
57.68
57.812
213.61
80.26
57.642
57.461
136.3
463.59
57.271
132.32
88.486
199.79
57.006
57.061
57.176
60.288
72.816
86.252
99.689
113.13
126.56
140
153.44
131.34
558.3
252.13
185.33
185.24
184.7
127.37
256.45
201.27
128.29
128.59
382.06
265.17
229.39
319.16
301.93
129.39
129.86
130.02
258.69
205.97
130.15
129.9
292.1
129.97
130.26
130.42
278.75
149.07
130.46
130.35
144.32
287.31
130.25
130.07
129.97
285.14
129.45
129.99
129.63
130.84
266.49
163.49
128.33
94.69
235.81
605.36
152.51
151.96
275.34
322.54
150.37
155.61
188.54
287.56
157.34
156.64
557.89
149.32
136.88
56.559
56.615
56.995
94.488
201.18
57.242
57.491
67.94
207.5
57.619
57.806
57.737
57.931
202.63
98.01
57.932
57.893
177.61
98.694
338.07
57.733
57.716
143.8
156.1
57.871
57.773
67.257
217.99
57.776
58.025
57.954
106.58
191.49
57.893
57.948
64.182
74.91
237.3
57.239
148.16
161.34
315.16
143.61
143.85
134.93
184.84
260.95
130.53
131.03
131.37
130.83
277.48
185.91
132.34
131.96
229.78
207.37
132.53
132.01
132.63
187.67
269.21
133.31
133.04
132.99
284.38
156.05
132.91
132.99
133.31
267.46
183.93
133.28
133.22
185.92
249.86
132.89
131.12
131.4
82.724
232.82
61.486
57.524
57.605
191.73
82.12
56.659
184.14
1217.6
515.59
131.7
127.94
127.08
215.18
216.07
127
127.19
749.19
266.23
126.79
126.5
126.53
272.42
456.33
189.3
126.52
185.99
219.98
126.69
127.04
127.38
175.68
301.59
138.02
83.683
210.9
65.877
56.601
56.824
56.372
1270
2662.5
2749.4
1675.7
242.72
237.19
215.9
56.608
56.548
56.942
57.3
56.694
180.04
231.34
68.623
56.578
57.149
57.519
57.779
191.18
209.35
57.573
57.452
57.447
57.581
57.858
550.03
1579
1261.2
252.77
131.49
131.8
148.84
321.51
212.72
142.47
132.58
131.97
132.37
167.05
319.31
188
132.53
133.23
133.38
135.45
178.28
318.49
175.89
132.64
132.2
132.31
132.26
175.72
318.79
173.83
130.94
131.29
130.84
130.45
166.74
689.31
320.07
128.74
430.88
2879.6
2605.6
2725.7
1028.2
107.56
56.191
56.142
56.403
56.719
212.01
321.39
153.32
155
163.74
465.77
2121.5
1594.3
1648.6
1728.1
707.32
694.67
1663.4
1725.5
150.5
56.953
133.34
207.39
58.16
58.572
57.669
186.93
236.06
157.99
56.638
85.432
438.09
129.49
165.42
319.45
327.57
146.34
140.12
139.19
208.98
138.9
260.8
342.66
340.87
194.82
127.61
127.61
127.66
128
277.92
311.74
135.57
128.5
128.92
129.05
142.65
320.39
231.35
130.78
131.38
132.04
131.53
235.16
315.26
137.66
130.66
130.71
130.88
156.44
319.76
198.47
131.29
131.34
131.19
131.18
308.88
550.09
131.31
321.7
318.57
299.29
186.86
584.16
200.74
198.78
544.39
1005.5
436.26
450.48
711.6
242.38
79.746
56.772
57.177
57.126
56.943
66.686
239.81
145.12
57.002
57.503
58.756
58.749
163.7
220.25
56.902
107.21
56.83
56.872
142.6
232.78
61.937
56.78
56.871
186.01
139.15
56.644
56.592
65.391
241.19
151.02
56.703
56.842
56.704
247.23
227.3
130.05
129.41
128.57
128.79
128.98
127.71
270.41
713.51
128.51
131.4
142.43
296.71
444.12
327.63
140.99
139.76
69.798
55.849
205.88
157.79
72.662
128.07
129.13
198.69
313.42
135.97
129.56
130.11
129.68
129.82
284.55
231.04
129.87
129.61
129.72
129.92
273.88
224.42
130.29
130.25
130.03
130.19
225.12
275.82
130.05
130.48
131.55
130.51
245.55
244.15
129.92
129.6
129.71
188.09
367.57
386.22
787.18
731.43
212.09
682.58
600.66
483.27
98.184
56.934
56.803
150.23
322.73
103.15
548.71
233.6
115.52
56.699
56.653
229.87
117.07
57.24
56.922
56.661
56.72
56.677
117.12
235.9
143.59
57.338
57.249
180.66
169.91
57.375
57.41
58.557
57.774
57.905
57.676
236.57
191.35
57.624
57.621
57.563
306.22
296.06
121.14
245.31
234.67
270.05
451.8
144.07
144.32
162.78
313.67
233.79
142.08
141.57
141.8
140.85
422.98
310.74
247.2
129.64
129.91
130.74
130.62
130.91
288.22
260.95
131.92
132.05
131.92
132.29
132.41
279.68
265.24
132.65
133.63
135.38
135.51
134.87
291.25
243.16
132.52
131.94
132.14
131.68
132.38
291.87
241.8
131.16
131.02
130.61
159.88
676.17
387.34
281.92
934.76
314.43
211.4
233.65
394.87
535.83
57.665
57.464
57.727
57.34
57.255
203.74
195.61
57.278
57.088
56.896
57.175
57.439
236.83
153.01
57.212
56.887
56.662
56.933
67.223
239.6
148.52
56.883
57.064
57.048
56.829
109.96
236.86
112.22
57.292
57.389
57.384
57.386
120.19
236.78
111.36
57.191
57.03
124.7
303.5
216.24
147
141.98
130.72
130.05
130.37
197.04
299.98
178.73
129.98
129.55
195.85
199.93
602.13
288.78
128.37
129.15
129.3
130.13
156.52
318.49
210.66
130.98
130.4
130.93
130.6
250.13
303.44
131.33
131.75
131.81
132.08
167.01
320.24
198.08
131.04
131.99
131.07
131.21
271.39
276.45
130.83
130.34
130.46
130.25
171.01
346.83
345.89
344.95
344.01
343.07
342.13
341.19
340.26
339.32
338.38
337.44
336.5
335.56
334.62
333.68
332.74
331.8
330.86
329.92
328.98
328.04
327.1
326.16
325.22
324.28
323.34
322.4
321.46
320.52
319.58
318.64
317.7
316.76
315.83
314.89
313.95
313.01
312.07
311.13
310.19
309.25
308.31
307.37
306.43
305.49
304.55
303.61
302.67
301.73
300.79
299.85
298.91
297.97
297.03
296.09
295.15
294.21
293.27
292.33
291.4
290.46
289.52
288.58
287.64
286.7
285.76
284.82
283.88
282.94
282
281.06
280.12
279.18
278.24
277.3
276.36
275.42
274.48
273.54
272.6
271.66
270.72
269.78
268.84
267.9
266.97
266.03
265.09
264.15
263.21
262.27
261.33
260.39
259.45
258.51
257.57
256.63
255.69
254.75
253.81
252.87
251.93
250.99
250.05
249.11
248.17
247.23
246.29
245.35
244.41
243.47
242.54
241.6
240.66
239.72
238.78
237.84
236.9
235.96
235.02
234.08
233.14
232.2
231.26
230.32
229.38
228.44
227.5
226.56
225.62
224.68
223.74
222.8
221.86
220.92
219.98
219.04
218.11
217.17
216.23
215.29
214.35
213.41
212.47
211.53
210.59
209.65
208.71
207.77
206.83
205.89
204.95
204.01
203.07
202.13
201.19
200.25
199.31
198.37
197.43
196.49
195.55
194.61
193.68
192.73
346.67
248.88
129.76
130.3
131.25
170.23
320.5
163.03
132.01
131.4
131.15
183.83
318.88
153.14
131.49
131.75
131.6
206.1
311.1
132.04
131.8
131.74
131.63
240.89
269.47
131.75
132.44
131.93
131.05
267.91
231.76
115.67
248.4
731.08
244.92
128.67
146.07
284.33
406.79
447.8
241.53
197.17
61.22
653.99
105.05
56.442
188.31
174.06
567.67
79.523
55.93
56.015
219.06
1747.9
3043.9
3297.3
1084.6
475.28
1157
2382.2
2243.2
2232.5
1761.6
815.15
164.22
1194.2
930.21
127.58
126.53
140.45
337.46
70.006
186.31
56.286
56.369
196.77
149.95
56.221
125.57
130.58
553.52
222.09
425.11
127.14
127.58
230.94
236.74
130.57
130.61
131.12
130.67
294.17
179.77
130.38
128.97
129.27
285.92
196.43
130.28
130.92
131.1
227.04
257.43
131.65
132.31
132.18
182.3
301.77
132.56
132.43
132.59
132.47
318.53
160.93
132.82
132.48
132.86
304.12
167.03
132.86
132.74
133.23
262.52
140.87
221.36
1117.2
880.55
451.68
55.143
54.855
58.09
242.37
86.994
55.001
127.34
151.31
55.911
280.91
119.04
117.89
276.47
155.64
100.22
233.41
411.83
177.84
181.64
239.12
186.61
163.78
54.797
127.83
225.62
488.29
54.48
106.54
214.02
54.289
54.265
54.439
54.383
215.59
121.77
54.399
54.135
55.098
1684.6
1205.4
155.73
155.03
966.05
1999.1
691.32
1996.1
836.65
139.92
139.72
257.27
270.5
138.07
138.34
138.37
138.59
254.92
263.81
139.2
139.35
139.38
141.05
441.7
375.97
128.93
128.45
128.63
129.1
281.39
214.38
131.15
129.47
129.32
130.17
294.11
200.62
129.5
129.75
129.95
162.11
315.4
137.49
129.69
130.42
129.6
129.33
273.72
219.23
129.23
145.9
280.55
129.42
128.69
128.77
128.9
128.76
140.64
713.92
827.21
98.65
128.64
154.9
55.089
55.007
55.258
55.256
55.138
200.66
148.56
55.328
62.641
222.62
54.978
55.04
54.777
54.952
54.94
113.41
233.58
61.029
55.18
100.18
194.4
55.101
54.868
54.689
54.876
55.273
171.78
185.11
55.195
55.164
104.21
207.04
55.022
54.907
55.451
58.278
55.157
202.62
